140keV electron : 2E7 electrons generated 202080 photons
==========================================================
   Energy(MeV)    TotalEneergy   ApronReflected ApronDeposit   Transmission   WaterReflected WaterDeposit   OutOfWorld     Detected       Driect         Scattering
====================================================================================================================================================================
Aluminum   1mm    40816.7        521.482        6000.41        34366.1        3329.72        4808.55        3948.8         26056.5        20879.3        5177.27        
           2mm    40816.7        917.845        8810.92        31189.5        3068.69        3799.54        4149.12        24055.1        18873          5182.15        
           3mm    40816.7        1213.63        10952.3        28772          2859.38        3213.99        4289.85        22358.8        17249.5        5109.32        
           4mm    40816.7        1479.42        12725.2        26744.7        2686.83        2814.17        4420.21        20855.7        15780.3        5075.34        
           5mm    40816.7        1683.21        14191.8        25083.3        2532.3         2520.81        4483.15        19619.6        14573.4        5046.14        
           6mm    40816.7        1894.48        15580.2        23486.4        2391           2267.94        4577.91        18389.5        13385.8        5003.65        
           7mm    40816.7        2026.67        16752.2        22183.1        2245.03        2077.72        4586.08        17399.7        12467.9        4931.73        
           8mm    40816.7        2162.47        17858.7        20947.4        2161.46        1908.05        4640.46        16408.4        11524.4        4883.98        
           9mm    40816.7        2311.02        18837.9        19813.8        2033.08        1778.47        4668.4         15531          10734.2        4796.81        
           1cm    40816.7        2393.27        19776.5        18790          1943.26        1646.01        4662.79        14730.5        9986.95        4743.56       

Copper   0.1mm    40816.7        370.524        11724.9        28858.5        2842.43        3120           3120.44        22849.7        18523.4        4326.22        
         0.2mm    40816.7        447.584        16268.4        24271          2381.65        2228.94        2719.79        19598.4        15753.9        3844.55        
         0.3mm    40816.7        488.062        19314.1        21196.4        2093.72        1791.26        2470.4         17240          13774.2        3465.8         
         0.4mm    40816.7        522.56         21570.4        18899.4        1840.99        1509.66        2258.96        15476.9        12290.8        3186.09        
         0.5mm    40816.7        542.224        23442.6        17001.9        1672.93        1314.63        2116.68        13942.1        10986.7        2955.37        
         0.6mm    40816.7        573.598        24901          15513          1513.57        1163.83        1985.96        12765.3        9994.52        2770.76        
         0.7mm    40816.7        582.408        26200.4        14195.1        1383.91        1048.06        1878.34        11689.4        9074.68        2614.72        
         0.8mm    40816.7        590.327        27284.5        13091.3        1256.66        943.243        1769.02        10819.5        8345.46        2474           
         0.9mm    40816.7        611.787        28244          12106.7        1172.39        865.462        1708.89        9997.99        7653.49        2344.5         
         1.0cm    40816.7        616.034        29093          11244.6        1088.92        792.869        1636.87        9293.59        7055.52        2238.07        
