Original             84982   255331  425231  566289  675087  782535  867647  909141  940128  963551  980101  991953  998227  1e+06   1e+06  
===========================================================================================================================================
              1mm    6       3896    53440   134833  212907  296046  360865  393889  418619  437222  450409  459581  464318  465628  465628  
              2mm    1       1272    33603   101828  173230  251730  313523  345342  369268  387505  400191  408986  413592  414832  414832  
              3mm    2       481     22365   79640   144749  218891  277204  307910  331129  348654  361083  369639  374061  375277  375277  
              4mm    0       167     14956   63169   122354  191965  247721  277100  299614  316551  328510  336900  341114  342294  342294  
Aluminum      5mm    2       66      10290   51073   105274  171299  224319  252848  274526  290987  302649  310690  314880  316001  316001  
Thickness     6mm    0       22      7142    41472   90684   152444  202988  230363  251292  267039  278279  286127  290213  291291  291291  
              7mm    4       12      5120    34073   79450   137832  186224  212649  232935  248285  259254  266774  270694  271772  271772  
              8mm    2       5       3616    27971   69207   124387  169974  195182  214820  229761  240501  247903  251690  252729  252729  
              9mm    2       4       2586    23361   61436   113362  157044  181257  200000  214602  224848  232050  235716  236713  236713  
              1cm    0       4       1905    19628   54300   103306  144959  168123  186376  200437  210570  217582  221089  222047  222047  
===========================================================================================================================================
            0.1mm    3       312     18334   71378   135701  211263  272210  304150  328686  347283  360446  369713  374514  375807  375807  
            0.2mm    3       12      5184    35157   83585   148214  203071  233067  256299  274245  287102  296104  300768  302046  302046  
            0.3mm    1       1       1606    18601   55156   110322  160020  187949  210019  227164  239597  248333  252874  254158  254158  
            0.4mm    2       6       607     10747   38272   85899   130933  156907  178015  194628  206586  215201  219617  220834  220834  
Copper      0.5mm    1       2       272     6356    27220   67565   107539  131822  151721  167859  179572  187898  192199  193401  193401  
Thickness   0.6mm    3       7       101     3844    19813   54654   90892   113550  132762  148058  159403  167561  171854  173047  173047  
            0.7mm    1       2       61      2462    14885   44364   77170   98351   116379  131257  142227  150108  154240  155391  155391  
            0.8mm    0       1       26      1631    11324   37125   66536   86174   103488  117741  128390  136200  140266  141375  141375  
            0.9mm    0       1       14      1086    8599    30642   57025   75336   91795   105589  115919  123406  127363  128488  128488  
            0.1cm    0       1       13      719     6553    25423   49567   66653   82130   95296   105289  112620  116570  117660  117660  
