## Number 
## Total Event Number : 1E6 
==================||=================================================================================================================
  AluminumApron   ||                                            Number Of Event 
==================||=================================================================================================================
Energy Cut(MeV)   ||  0.005   0.015   0.025   0.035    0.045   0.055    0.065    0.075    0.085    0.095    0.105    0.115    0.125 
==================||=================================================================================================================
OriginalNumber    ||  78192   233332  417043  574958   697199  812228   885897   929374   960974   982730   995633   1000000  1000000
==================||=================================================================================================================
       ||  1mm    ||  2372    26935   135533  266380   379170  489281   560367   602635   633232   654225   666537   670703   670703
       ||  2mm    ||  2219    13081   81562   190951   295120  400350   469093   510277   539971   560219   572092   576065   576065
Number ||  3mm    ||  2103    9490    55928   147659   243504  343668   410112   450207   478876   498360   509839   513641   513641
After  ||  4mm    ||  2026    8202    41348   118982   207896  303139   367329   406288   434264   453123   464171   467839   467839
Energy ||  5mm    ||  1843    7438    32169   98359    180352  271365   333005   370967   398016   416313   426971   430433   430433
Cut    ||  6mm    ||  1752    6908    26240   82890    158865  245496   305299   341929   367930   385413   395732   399068   399068
       ||  7mm    ||  1638    6575    22692   71900    142714  225356   282507   318172   343408   360493   370325   373533   373533
       ||  8mm    ||  1579    6242    19780   62258    127656  206758   261972   296624   321027   337391   346811   349922   349922
       ||  9mm    ||  1445    5801    17576   55102    116271  191489   244661   278279   301958   317797   326847   329793   329793
       || 10mm    ||  1332    5454    16316   49724    106702  178399   229617   262271   285144   300296   309009   311808   311808
==================||=================================================================================================================
==================||=================================================================================================================
   CopperApron    ||                                            Number Of Event
==================||=================================================================================================================
Energy Cut(MeV)   ||  0.005   0.015   0.025   0.035    0.045   0.055    0.065    0.075    0.085    0.095    0.105    0.115    0.125 
==================||=================================================================================================================
OriginalNumber    ||  78192   233332  417043  574958   697199  812228   885897   929374   960974   982730   995633   1000000  1000000
==================||=================================================================================================================
       ||  0.1mm  ||  2648    9814    45579   123604   210153  306159   371528   411755   441487   462110   474489   478674   478674
       ||  0.2mm  ||  2413    8728    23135   65565    128349  208440   266546   303759   331867   351672   363605   367678   367678
Number ||  0.3mm  ||  2432    8693    18544   44330    90599   158164   210126   244578   271117   290034   301517   305471   305471
After  ||  0.4mm  ||  2421    8680    17354   34834    69738   126561   173281   205339   230458   248364   259510   263313   263313
Energy ||  0.5mm  ||  2390    8635    16989   30079    57055   105292   146918   176672   200316   217687   228366   232048   232048
Cut    ||  0.6mm  ||  2463    8692    16960   27713    48803   90055    127174   154639   177262   193864   204179   207744   207744
       ||  0.7mm  ||  2472    8762    16906   26439    43667   79032    112889   138543   159729   175655   185592   189042   189042
       ||  0.8mm  ||  2440    8671    16870   25680    39940   70587    100877   124798   144914   160072   169675   173014   173014
       ||  0.9mm  ||  2478    8660    16785   25167    37347   64288    91703    113810   132811   147349   156584   159842   159842
       ||  1.0mm  ||  2454    8739    16917   25110    35986   59191    83833    104544   122637   136483   145458   148602   148602
